animal	sexo	controle	idade	peso
8	2	1	0	37
8	2	2	1	42
8	2	3	7	75
8	2	4	14	146
8	2	5	21	205
8	2	6	28	242
8	2	7	35	302
8	2	8	42	494
8	2	9	49	683
8	2	10	56	800
8	2	11	63	960
8	2	11	70	1140
8	2	13	77	1275
8	2	14	84	1286
8	2	15	90	1395
44	2	1	0	40
44	2	2	1	48
44	2	4	14	162
44	2	5	21	361
44	2	6	28	467
44	2	7	35	648
44	2	8	42	725
44	2	9	49	950
44	2	10	56	1055
44	2	11	63	1260
44	2	12	70	1235
44	2	13	77	1280
44	2	14	84	1300
64	2	1	0	36
64	2	2	1	43
64	2	3	7	90
64	2	4	14	173
64	2	5	21	238
64	2	6	28	271
64	2	7	35	540
64	2	8	42	820
64	2	9	49	990
64	2	10	56	1098
64	2	11	63	1380
64	2	12	70	1440
64	2	13	77	1510
64	2	14	84	1615
64	2	15	90	1630
65	1	1	0	36
65	1	2	1	42
65	1	3	7	84
65	1	4	14	186
65	1	5	21	297
65	1	6	28	381
65	1	7	35	722
65	1	8	42	1180
65	1	9	49	1415
65	1	10	56	1590
65	1	11	63	2140
65	1	12	70	2195
65	1	13	77	2435
65	1	14	84	2650
65	1	15	90	2665
66	2	1	0	42
66	2	2	1	48
66	2	3	7	92
66	2	4	14	186
66	2	5	21	228
66	2	6	28	247
66	2	7	35	457
66	2	8	42	660
66	2	9	49	960
66	2	10	56	960
66	2	11	63	1480
66	2	12	70	1575
66	2	13	77	1650
66	2	14	84	1827
66	2	15	90	1830
67	1	1	0	45
67	1	2	1	49
67	1	3	7	80
67	1	4	14	147
67	1	5	21	212
67	1	6	28	279
67	1	7	35	601
67	1	8	42	1060
67	1	9	49	1350
67	1	10	56	1464
67	1	11	63	1980
67	1	12	70	2340
67	1	13	77	2525
67	1	14	84	2780
67	1	15	90	2940
68	2	1	0	39
68	2	2	1	48
68	2	3	7	114
68	2	4	14	180
68	2	5	21	262
68	2	6	28	335
68	2	7	35	452
68	2	8	42	685
68	2	9	49	916
68	2	10	56	1140
68	2	11	63	1380
68	2	12	70	1480
68	2	13	77	1540
68	2	14	84	1498
68	2	15	90	1590
69	1	1	0	46
69	1	2	1	52
69	1	3	7	94
69	1	4	14	200
69	1	5	21	256
69	1	6	28	304
69	1	7	35	387
69	1	8	42	720
69	1	9	49	951
69	1	10	56	1250
69	1	11	63	1540
69	1	12	70	1960
69	1	13	77	2230
69	1	14	84	2369
69	1	15	90	2675
70	2	1	0	31
70	2	2	1	41
70	2	3	7	112
70	2	4	14	242
70	2	5	21	352
70	2	6	28	420
70	2	7	35	592
70	2	8	42	940
70	2	9	49	1098
70	2	10	56	1310
70	2	11	63	1460
70	2	12	70	1720
70	2	13	77	1810
70	2	14	84	1767
70	2	15	90	1885
71	1	1	0	33
71	1	2	1	44
71	1	3	7	120
71	1	4	14	196
71	1	5	21	248
71	1	6	28	278
71	1	7	35	374
71	1	8	42	820
71	1	9	49	1156
71	1	10	56	1445
71	1	11	63	1700
71	1	12	70	2000
71	1	13	77	2290
71	1	14	84	2321
71	1	15	90	2660
72	2	1	0	31
72	2	2	1	42
72	2	3	7	116
72	2	4	14	190
72	2	5	21	265
72	2	6	28	290
72	2	7	35	372
72	2	8	42	760
72	2	9	49	936
72	2	10	56	1175
72	2	11	63	1340
72	2	12	70	1440
72	2	13	77	1540
72	2	14	84	1513
72	2	15	90	1625
73	1	1	0	40
73	1	2	1	49
73	1	3	7	114
73	1	4	14	244
73	1	5	21	353
73	1	6	28	427
73	1	7	35	591
73	1	8	42	1040
73	1	9	49	1316
73	1	10	56	1615
73	1	11	63	1980
73	1	12	70	2180
73	1	13	77	2380
73	1	14	84	2343
73	1	15	90	2695
74	1	1	0	50
74	1	2	1	59
74	1	3	7	124
74	1	4	14	272
74	1	5	21	348
74	1	6	28	412
74	1	7	35	556
74	1	8	42	1080
74	1	9	49	1418
74	1	10	56	1560
74	1	11	63	1720
75	2	1	0	48
75	2	2	1	57
75	2	3	7	122
75	2	4	14	259
75	2	5	21	361
75	2	6	28	467
75	2	7	35	603
75	2	8	42	1020
75	2	9	49	1155
75	2	10	56	1290
75	2	11	63	1480
75	2	12	70	1540
75	2	13	77	1640
75	2	14	84	1598
75	2	15	90	1690
76	2	1	0	43
76	2	2	1	51
76	2	3	7	109
76	2	4	14	245
76	2	5	21	320
76	2	6	28	372
76	2	7	35	452
76	2	8	42	880
76	2	9	49	1019
76	2	10	56	1205
76	2	11	63	1340
76	2	12	70	1500
76	2	13	77	1665
76	2	14	84	2540
76	2	15	90	1760
77	2	1	0	42
77	2	2	1	52
77	2	3	7	121
77	2	4	14	262
77	2	5	21	330
77	2	6	28	410
77	2	7	35	583
77	2	8	42	960
77	2	9	49	1511
77	2	10	56	1245
77	2	11	63	1420
77	2	12	70	1560
77	2	13	77	1660
77	2	14	84	1393
77	2	15	90	1680
78	2	1	0	40
78	2	2	1	47
78	2	3	7	98
78	2	4	14	222
78	2	5	21	295
78	2	6	28	339
78	2	7	35	436
78	2	8	42	800
78	2	9	49	923
78	2	10	56	1095
78	2	11	63	1280
78	2	12	70	1420
78	2	13	77	1505
78	2	14	84	1466
78	2	15	90	1595
79	1	1	0	47
79	1	2	1	58
79	1	3	7	135
79	1	4	14	299
79	1	5	21	410
79	1	6	28	488
79	1	7	35	611
79	1	8	42	1180
79	1	9	49	1482
79	1	10	56	1865
79	1	11	63	2140
79	1	12	70	2520
79	1	13	77	2845
79	1	14	84	2832
79	1	15	90	3095
80	2	1	0	42
80	2	2	1	50
80	2	3	7	106
80	2	4	14	205
80	2	5	21	262
80	2	6	28	296
80	2	7	35	381
80	2	8	42	720
80	2	9	49	827
80	2	10	56	1055
80	2	11	63	1240
80	2	12	70	1380
80	2	13	77	1560
80	2	14	84	1144
80	2	15	90	1650
81	2	1	0	44
81	2	2	1	50
81	2	3	7	94
81	2	4	14	197
81	2	5	21	258
81	2	6	28	309
81	2	7	35	412
81	2	8	42	652
81	2	9	49	903
81	2	10	56	1090
81	2	11	63	1040
81	2	12	70	1360
81	2	13	77	1530
81	2	14	84	1520
81	2	15	90	1650
82	1	1	0	36
82	1	2	1	45
82	1	3	7	105
82	1	4	14	222
82	1	5	21	264
82	1	6	28	325
82	1	7	35	403
82	1	8	42	740
82	1	9	49	968
82	1	10	56	1290
82	1	11	63	1620
82	1	12	70	2080
82	1	13	77	2345
82	1	14	84	2403
82	1	15	90	2640
83	1	1	0	48
83	1	2	1	58
83	1	3	7	126
83	1	4	14	271
83	1	5	21	360
83	1	6	28	451
83	1	7	35	689
83	1	8	42	1160
83	1	9	49	1447
83	1	10	56	1730
83	1	11	63	1900
83	1	12	70	2200
83	1	13	77	2515
83	1	14	84	2563
83	1	15	90	2680
84	1	1	0	42
84	1	2	1	50
84	1	3	7	104
84	1	4	14	227
84	1	5	21	266
84	1	6	28	321
84	1	7	35	434
84	1	8	42	900
84	1	9	49	1242
84	1	10	56	1595
84	1	11	63	1940
84	1	12	70	2280
84	1	13	77	2625
84	1	14	84	2628
84	1	15	90	2890
86	2	1	0	36
86	2	2	1	46
86	2	3	7	118
86	2	4	14	190
86	2	5	21	253
86	2	6	28	303
86	2	7	35	426
86	2	8	42	780
86	2	9	49	1020
86	2	10	56	1125
86	2	11	63	1280
86	2	12	70	1460
86	2	13	77	1525
86	2	14	84	1474
86	2	15	90	1645
87	2	1	0	29
87	2	2	1	39
87	2	3	7	107
87	2	4	14	175
87	2	5	21	216
87	2	6	28	242
87	2	7	35	338
87	2	8	42	680
87	2	9	49	792
87	2	10	56	965
87	2	11	63	1080
87	2	12	70	1220
87	2	13	77	1435
87	2	14	84	1569
87	2	15	90	1540
88	2	1	0	48
88	2	2	1	58
88	2	3	7	126
88	2	4	14	248
88	2	5	21	320
88	2	6	28	365
88	2	7	35	487
88	2	8	42	840
88	2	9	49	1024
88	2	10	56	1175
88	2	11	63	1280
88	2	12	70	1420
88	2	13	77	1540
88	2	14	84	1529
88	2	15	90	1665
89	1	1	0	41
89	1	2	1	47
89	1	3	7	87
89	1	4	14	187
89	1	5	21	246
89	1	6	28	279
89	1	7	35	364
89	1	8	42	780
89	1	9	49	1000
89	1	10	56	1265
89	1	11	63	1420
89	1	12	70	1840
89	1	13	77	2080
89	1	14	84	2141
89	1	15	90	2475
90	2	1	0	47
90	2	2	1	53
90	2	3	7	98
90	2	4	14	200
90	2	5	21	259
90	2	6	28	312
90	2	7	35	425
90	2	8	42	780
90	2	9	49	888
90	2	10	56	1070
90	2	11	63	1260
90	2	12	70	1400
90	2	13	77	1455
90	2	14	84	1455
90	2	15	90	1525
91	2	1	0	42
91	2	2	1	50
91	2	3	7	107
91	2	4	14	216
91	2	5	21	261
91	2	6	28	318
91	2	7	35	438
91	2	8	42	820
91	2	9	49	906
91	2	10	56	1080
91	2	11	63	1320
91	2	12	70	1400
91	2	13	77	1495
91	2	14	84	1455
91	2	15	90	1535
92	1	1	0	39
92	1	2	1	46
92	1	3	7	97
92	1	4	14	222
92	1	5	21	278
92	1	6	28	291
92	1	7	35	354
92	1	8	42	720
92	1	9	49	1000
92	1	10	56	1335
92	1	11	63	1580
92	1	12	70	1920
92	1	13	77	2335
92	1	14	84	2415
92	1	15	90	2805
93	2	1	0	40
93	2	2	1	48
93	2	3	7	101
93	2	4	14	206
93	2	5	21	273
93	2	6	28	317
93	2	7	35	412
93	2	8	42	720
93	2	9	49	859
93	2	10	56	1020
93	2	11	63	1100
93	2	12	70	1360
93	2	13	77	1545
93	2	14	84	1540
93	2	15	90	1705
94	1	1	0	48
94	1	2	1	54
94	1	3	7	97
94	1	4	14	202
94	1	5	21	260
94	1	6	28	317
94	1	7	35	451
94	1	8	42	820
94	1	9	49	1050
94	1	10	56	1325
94	1	11	63	1620
94	1	12	70	1920
94	1	13	77	2140
94	1	14	84	2215
94	1	15	90	2450
95	1	1	0	35
95	1	2	1	43
95	1	3	7	99
95	1	4	14	233
95	1	5	21	328
95	1	6	28	379
95	1	7	35	499
95	1	8	42	980
95	1	9	49	1255
95	1	10	56	1610
95	1	11	63	2020
95	1	12	70	2360
95	1	13	77	2720
95	1	14	84	2659
95	1	15	90	2955
96	1	1	0	45
96	1	2	1	52
96	1	3	7	101
96	1	4	14	218
96	1	5	21	324
96	1	6	28	394
96	1	7	35	494
96	1	8	42	1000
96	1	9	49	1302
96	1	10	56	1600
96	1	11	63	1920
96	1	12	70	2240
96	1	13	77	2530
96	1	14	84	2360
96	1	15	90	2825
97	2	1	0	40
97	2	2	1	48
97	2	3	7	101
97	2	4	14	214
97	2	5	21	278
97	2	6	28	335
97	2	7	35	430
97	2	8	42	780
97	2	9	49	911
97	2	10	56	1075
97	2	11	63	1320
97	2	12	70	1360
97	2	13	77	1480
97	2	14	84	1405
97	2	15	90	1595
98	1	1	0	41
98	1	2	1	49
98	1	3	7	104
98	1	4	14	215
98	1	5	21	273
98	1	6	28	302
98	1	7	35	366
98	1	8	42	560
98	1	9	49	885
98	1	10	56	1146
98	1	11	63	1360
98	1	12	70	1700
98	1	13	77	2100
98	1	14	84	2113
98	1	15	90	2470
99	2	1	0	44
99	2	2	1	51
99	2	3	7	102
99	2	4	14	218
99	2	5	21	254
99	2	6	28	279
99	2	7	35	351
99	2	8	42	520
99	2	9	49	669
99	2	10	56	875
99	2	11	63	1060
99	2	12	70	1240
99	2	13	77	1510
99	2	14	84	1453
99	2	15	90	1640
100	2	1	0	32
100	2	2	1	43
100	2	3	7	117
100	2	4	14	191
100	2	5	21	278
100	2	6	28	330
100	2	7	35	464
100	2	8	42	800
100	2	9	49	932
100	2	10	56	1155
100	2	11	63	1260
100	2	12	70	1440
100	2	13	77	1580
100	2	14	84	1495
100	2	15	90	1680
120	2	1	0	43
120	2	2	1	53
120	2	4	14	193
120	2	5	21	346
120	2	6	28	494
120	2	7	35	708
120	2	8	42	770
120	2	9	49	960
120	2	10	56	1100
120	2	11	63	1305
120	2	12	70	1260
120	2	13	77	1320
120	2	14	84	1360
121	2	1	0	38
121	2	2	1	47
121	2	4	14	172
121	2	5	21	336
121	2	6	28	538
121	2	7	35	792
121	2	8	42	900
121	2	9	49	1170
121	2	10	56	1325
121	2	11	63	1630
121	2	12	70	1530
121	2	13	77	1635
121	2	14	84	1665
122	2	1	0	40
122	2	2	1	50
122	2	4	14	193
122	2	5	21	339
122	2	6	28	531
122	2	7	35	769
122	2	8	42	880
122	2	9	49	1005
122	2	10	56	1200
122	2	11	63	1635
122	2	12	70	1575
122	2	13	77	1670
122	2	14	84	1795
123	2	1	0	29
123	2	2	1	38
123	2	3	7	99
123	2	4	14	180
123	2	5	21	309
123	2	6	28	521
123	2	7	35	657
123	2	8	42	897
123	2	9	49	1047
123	2	10	56	1155
123	2	11	63	1300
123	2	12	70	1395
123	2	13	77	1435
123	2	14	84	1530
123	2	15	90	1520
124	1	1	0	38
124	1	2	1	47
124	1	4	14	172
124	1	5	21	335
124	1	6	28	572
124	1	7	35	896
124	1	8	42	1090
124	1	9	49	1410
124	1	10	56	1705
124	1	11	63	2120
124	1	12	70	2060
124	1	13	77	2210
124	1	14	84	2450
125	2	1	0	33
125	2	2	1	45
125	2	3	7	126
125	2	4	14	204
125	2	5	21	368
125	2	6	28	600
125	2	7	35	792
125	2	8	42	997
125	2	9	49	1089
125	2	10	56	1265
125	2	11	63	1392
125	2	12	70	1475
125	2	13	77	1545
125	2	14	84	1655
125	2	15	90	1675
126	2	1	0	30
126	2	2	1	41
126	2	3	7	117
126	2	4	14	185
126	2	5	21	283
126	2	6	28	531
126	2	7	35	750
126	2	8	42	955
126	2	9	49	1052
126	2	10	56	1210
126	2	11	63	1247
126	2	12	70	1450
126	2	13	77	1485
126	2	14	84	157
126	2	15	90	1620
127	1	1	0	43
127	1	2	1	51
127	1	3	7	109
127	1	4	14	202
127	1	5	21	341
127	1	6	28	631
127	1	7	35	884
127	1	8	42	1217
127	1	9	49	1402
127	1	10	56	1835
127	1	11	63	1972
127	1	12	70	2385
127	1	13	77	2600
127	1	14	84	2890
127	1	15	90	3275
128	1	1	0	34
128	1	2	1	42
128	1	3	7	95
128	1	4	14	184
128	1	5	21	294
128	1	6	28	581
128	1	7	35	781
128	1	8	42	1020
128	1	9	49	1208
128	1	10	56	1515
128	1	11	63	1848
128	1	12	70	2075
128	1	13	77	2300
128	1	14	84	2530
128	1	15	90	2675
129	1	1	0	32
129	1	2	1	45
129	1	3	7	136
129	1	4	14	250
129	1	5	21	428
129	1	6	28	876
129	1	7	35	1224
129	1	8	42	1409
129	1	9	49	1754
129	1	10	56	2060
129	1	11	63	2125
129	1	12	70	2565
129	1	13	77	2775
129	1	14	84	2985
129	1	15	90	3225
130	2	1	0	29
130	2	2	1	39
130	2	3	7	109
130	2	4	14	229
130	2	5	21	370
130	2	6	28	618
130	2	7	35	805
130	2	8	42	951
130	2	9	49	1387
130	2	10	56	1225
130	2	11	63	1344
130	2	12	70	1390
130	2	13	77	1425
130	2	14	84	1455
130	2	15	90	1505
131	2	1	0	35
131	2	2	1	46
131	2	3	7	125
131	2	4	14	214
131	2	5	21	388
131	2	6	28	675
131	2	7	35	873
131	2	8	42	1108
131	2	9	49	1131
131	2	10	56	1295
131	2	11	63	1087
131	2	12	70	1520
131	2	13	77	1555
131	2	14	84	1660
131	2	15	90	1640
132	2	1	0	33
132	2	2	1	44
132	2	3	7	118
132	2	4	14	219
132	2	5	21	350
132	2	6	28	663
132	2	7	35	868
132	2	8	42	1012
132	2	9	49	1131
132	2	10	56	1300
132	2	11	63	1468
132	2	12	70	1580
132	2	13	77	1620
132	2	14	84	1715
132	2	15	90	1715
133	1	1	0	28
133	1	2	1	39
133	1	3	7	119
133	1	4	14	127
133	1	5	21	209
133	1	6	28	398
133	1	7	35	695
133	1	8	42	898
133	1	9	49	1151
133	1	10	56	1405
133	1	11	63	1342
133	1	12	70	1970
133	1	13	77	2195
133	1	14	84	2470
133	1	15	90	2510
134	1	1	0	38
134	1	2	1	42
134	1	3	7	70
134	1	4	14	196
134	1	5	21	370
134	1	6	28	578
134	1	7	35	769
134	1	8	42	943
134	1	9	49	1235
134	1	10	56	1631
134	1	11	63	1890
134	1	12	70	2080
134	1	13	77	2275
134	1	14	84	2420
134	1	15	90	2520
135	2	1	0	34
135	2	2	1	42
135	2	3	7	97
135	2	4	14	202
135	2	5	21	346
135	2	6	28	606
135	2	7	35	785
135	2	8	42	902
135	2	9	49	1030
135	2	10	56	1195
135	2	11	63	1348
135	2	12	70	1430
135	2	13	77	1495
135	2	14	84	1600
135	2	15	90	1630
136	1	1	0	35
136	1	2	1	46
136	1	3	7	126
136	1	4	14	246
136	1	5	21	407
136	1	6	28	757
136	1	7	35	1052
136	1	8	42	1426
136	1	9	49	1557
136	1	10	56	1855
136	1	11	63	1862
136	1	12	70	2350
136	1	13	77	2510
136	1	14	84	2775
136	1	15	90	2920
137	1	1	0	46
137	1	2	1	49
137	1	3	7	72
137	1	4	14	169
137	1	5	21	333
137	1	6	28	546
137	1	7	35	972
137	1	8	42	1261
137	1	9	49	1640
137	1	10	56	1992
137	1	11	63	2330
137	1	12	70	2545
137	1	13	77	2685
137	1	14	84	2825
137	1	15	90	2955
138	1	1	0	41
138	1	2	1	45
138	1	3	7	73
138	1	4	14	201
138	1	5	21	409
138	1	6	28	658
138	1	7	35	970
138	1	8	42	1173
138	1	9	49	1530
138	1	10	56	1774
138	1	11	63	2190
138	1	12	70	2370
138	1	13	77	2535
138	1	14	84	2590
138	1	15	90	2655
139	2	1	0	45
139	2	2	1	49
139	2	3	7	79
139	2	4	14	207
139	2	5	21	402
139	2	6	28	664
139	2	7	35	926
139	2	8	42	1100
139	2	9	49	1355
139	2	10	56	1666
139	2	11	63	1780
139	2	12	70	1865
139	2	13	77	1880
139	2	14	84	1965
139	2	15	90	1985
140	1	1	0	47
140	1	2	1	51
140	1	3	7	80
140	1	4	14	191
140	1	5	21	386
140	1	6	28	613
140	1	7	35	823
140	1	8	42	1018
140	1	9	49	1360
140	1	10	56	1862
140	1	11	63	2155
140	1	12	70	2410
140	1	13	77	2595
140	1	14	84	2830
140	1	15	90	2960
141	2	1	0	32
141	2	2	1	42
141	2	3	7	112
141	2	4	14	199
141	2	5	21	357
141	2	6	28	603
141	2	7	35	798
141	2	8	42	1018
141	2	9	49	1066
141	2	10	56	1250
141	2	11	63	1425
141	2	12	70	1535
141	2	13	77	1590
141	2	14	84	1670
141	2	15	90	1680
142	1	1	0	32
142	1	2	1	41
142	1	3	7	106
142	1	4	14	191
142	1	5	21	279
142	1	6	28	590
142	1	7	35	850
142	1	8	42	1151
142	1	9	49	1344
142	1	10	56	1585
142	1	11	63	1809
142	1	12	70	2070
142	1	13	77	2305
142	1	14	84	2535
142	1	15	90	2710
143	2	1	0	31
143	2	2	1	42
143	2	3	7	122
143	2	4	14	136
143	2	5	21	257
143	2	6	28	487
143	2	7	35	696
143	2	8	42	875
143	2	9	49	964
143	2	10	56	1160
143	2	11	63	1014
143	2	12	70	1460
143	2	13	77	1560
143	2	14	84	1660
143	2	15	90	1695
144	1	1	0	42
144	1	2	1	50
144	1	3	7	107
144	1	4	14	196
144	1	5	21	328
144	1	6	28	527
144	1	7	35	904
144	1	8	42	1165
144	1	9	49	1283
144	1	10	56	1580
144	1	11	63	1885
144	1	12	70	2110
144	1	13	77	2310
144	1	14	84	2610
144	1	15	90	2720
145	1	1	0	41
145	1	2	1	45
145	1	3	7	70
145	1	4	14	170
145	1	5	21	368
145	1	6	28	618
145	1	7	35	915
145	1	8	42	1120
145	1	9	49	1555
145	1	10	56	1960
145	1	11	63	2215
145	1	12	70	2490
145	1	13	77	2660
145	1	14	84	2780
145	1	15	90	2955
146	2	1	0	33
146	2	2	1	44
146	2	3	7	124
146	2	4	14	121
146	2	5	21	214
146	2	6	28	368
146	2	7	35	601
146	2	8	42	779
146	2	9	49	873
146	2	10	56	1020
146	2	11	63	1122
146	2	12	70	1230
146	2	13	77	1325
146	2	14	84	1435
146	2	15	90	1455
147	2	1	0	29
147	2	2	1	40
147	2	3	7	120
147	2	4	14	150
147	2	5	21	228
147	2	6	28	421
147	2	7	35	637
147	2	8	42	819
147	2	9	49	952
147	2	10	56	1150
147	2	11	63	1309
147	2	12	70	1440
147	2	13	77	1480
147	2	14	84	1555
147	2	15	90	1570
148	1	1	0	27
148	1	2	1	32
148	1	3	7	64
148	1	4	14	144
148	1	5	21	233
148	1	6	28	452
148	1	7	35	611
148	1	8	42	771
148	1	9	49	1045
148	1	10	56	1340
148	1	11	63	1612
148	1	12	70	1990
148	1	13	77	2095
148	1	14	84	2370
148	1	15	90	2570
149	2	1	0	33
149	2	2	1	41
149	2	3	7	94
149	2	4	14	163
149	2	5	21	264
149	2	6	28	490
149	2	7	35	708
149	2	8	42	939
149	2	9	49	1128
149	2	10	56	1205
149	2	11	63	1357
149	2	12	70	1455
149	2	13	77	1510
149	2	14	84	1625
149	2	15	90	1620
150	1	1	0	43
150	1	2	1	52
150	1	4	14	178
150	1	5	21	366
150	1	6	28	571
150	1	7	35	880
150	1	8	42	1025
150	1	9	49	1315
150	1	10	56	1640
150	1	11	63	2035
150	1	12	70	2030
150	1	13	77	2215
150	1	14	84	2475
151	1	1	0	49
151	1	2	1	57
151	1	4	14	170
151	1	5	21	333
151	1	6	28	541
151	1	7	35	887
151	1	8	42	995
151	1	9	49	1295
151	1	10	56	1555
151	1	11	63	2135
151	1	12	70	2020
151	1	13	77	2205
151	1	14	84	2415
152	2	1	0	40
152	2	2	1	49
152	2	4	14	174
152	2	5	21	339
152	2	6	28	525
152	2	7	35	751
152	2	8	42	885
152	2	9	49	1115
152	2	10	56	1260
152	2	11	63	1480
152	2	12	70	1400
152	2	13	77	1455
152	2	14	84	1585
153	1	1	0	48
153	1	2	1	57
153	1	4	14	189
153	1	5	21	383
153	1	6	28	675
153	1	7	35	1089
153	1	8	42	1285
153	1	9	49	1660
153	1	10	56	2050
153	1	11	63	2470
153	1	12	70	2290
153	1	13	77	2675
153	1	14	84	2995
154	1	1	0	39
154	1	2	1	50
154	1	4	14	209
154	1	5	21	407
154	1	6	28	663
154	1	7	35	932
154	1	8	42	1110
154	1	9	49	1420
154	1	10	56	1635
154	1	11	63	1840
154	1	12	70	1840
154	1	13	77	2075
154	1	14	84	2330
155	1	1	0	46
155	1	2	1	57
155	1	4	14	208
155	1	5	21	427
155	1	6	28	751
155	1	7	35	1168
155	1	8	42	1400
155	1	9	49	1795
155	1	10	56	2140
155	1	11	63	2325
155	1	12	70	2620
155	1	13	77	3000
155	1	14	84	3390
156	2	1	0	48
156	2	2	1	58
156	2	4	14	202
156	2	5	21	360
156	2	6	28	548
156	2	7	35	708
156	2	8	42	840
156	2	9	49	1035
156	2	10	56	1185
156	2	11	63	1845
156	2	12	70	1290
156	2	13	77	1335
156	2	14	84	1385
157	1	1	0	41
157	1	2	1	49
157	1	3	7	102
157	1	4	14	212
157	1	5	21	258
157	1	6	28	298
157	1	7	35	373
157	1	8	42	740
157	1	9	49	972
157	1	10	56	1325
157	1	11	63	1600
157	1	12	70	1980
157	1	13	77	2375
157	1	14	84	2430
157	1	15	90	2720
158	1	1	0	33
158	1	2	1	44
158	1	3	7	118
158	1	4	14	192
158	1	5	21	265
158	1	6	28	373
158	1	7	35	523
158	1	8	42	980
158	1	9	49	1204
158	1	10	56	1460
158	1	11	63	1660
158	1	12	70	2020
158	1	13	77	2335
158	1	14	84	2054
158	1	15	90	2625
159	2	1	0	48
159	2	2	1	63
159	2	4	14	169
159	2	5	21	333
159	2	6	28	530
159	2	7	35	751
159	2	8	42	855
159	2	9	49	1075
159	2	10	56	1220
159	2	11	63	1495
159	2	12	70	1395
159	2	13	77	1425
159	2	14	84	1520
160	2	1	0	39
160	2	2	1	59
160	2	4	14	201
160	2	5	21	378
160	2	6	28	568
160	2	7	35	789
160	2	8	42	930
160	2	9	49	1145
160	2	10	56	1310
160	2	11	63	1605
160	2	12	70	1480
160	2	13	77	1530
160	2	14	84	1630
161	1	1	0	38
161	1	2	1	51
161	1	4	14	145
161	1	5	21	268
161	1	6	28	483
161	1	7	35	749
161	1	8	42	945
161	1	9	49	1310
161	1	10	56	1655
161	1	11	63	2250
161	1	12	70	2240
161	1	13	77	2465
161	1	14	84	2650
162	1	1	0	38
162	1	2	1	48
162	1	4	14	119
162	1	5	21	230
162	1	6	28	382
162	1	7	35	658
162	1	8	42	815
162	1	9	49	1120
162	1	10	56	1320
162	1	11	63	1785
162	1	12	70	1815
162	1	13	77	2115
162	1	14	84	2405
163	1	1	0	37
163	1	2	1	52
163	1	4	14	155
163	1	5	21	328
163	1	6	28	577
163	1	7	35	841
163	1	8	42	1035
163	1	9	49	1350
163	1	10	56	1600
163	1	11	63	2085
163	1	12	70	2020
163	1	13	77	2225
163	1	14	84	2475
168	2	1	0	40
168	2	2	1	45
168	2	3	7	78
168	2	4	14	215
168	2	5	21	385
168	2	6	28	610
168	2	7	35	790
168	2	8	42	949
168	2	9	49	1190
168	2	10	56	1454
168	2	11	63	1610
168	2	12	70	1680
168	2	13	77	1715
168	2	14	84	1745
168	2	15	90	1755
169	2	1	0	42
169	2	2	1	46
169	2	3	7	72
169	2	4	14	189
169	2	5	21	385
169	2	6	28	606
169	2	7	35	851
169	2	8	42	987
169	2	9	49	1265
169	2	10	56	1533
169	2	11	63	1690
169	2	12	70	1720
169	2	13	77	1750
169	2	14	84	1770
169	2	15	90	1830
170	1	1	0	53
170	1	2	1	57
170	1	3	7	86
170	1	4	14	231
170	1	5	21	428
170	1	6	28	743
170	1	7	35	993
170	1	8	42	1515
170	1	9	49	1870
170	1	10	56	2320
170	1	11	63	2505
170	1	12	70	2415
170	1	13	77	2810
170	1	14	84	2935
170	1	15	90	3035
171	2	1	0	41
171	2	2	1	45
171	2	3	7	71
171	2	4	14	186
171	2	5	21	368
171	2	6	28	571
171	2	7	35	768
171	2	8	42	949
171	2	9	49	1150
171	2	10	56	1432
171	2	11	63	1650
171	2	12	70	1590
171	2	13	77	1595
171	2	14	84	1625
171	2	15	90	1665
172	1	1	0	42
172	1	2	1	46
172	1	3	7	77
172	1	4	14	217
172	1	5	21	455
172	1	6	28	731
172	1	7	35	1060
172	1	8	42	1255
172	1	9	49	1800
172	1	10	56	2246
172	1	11	63	2475
172	1	12	70	2730
172	1	13	77	2885
172	1	14	84	2975
172	1	15	90	3085
173	1	1	0	43
173	1	2	1	47
173	1	3	7	77
173	1	4	14	208
173	1	5	21	411
173	1	6	28	632
173	1	7	35	964
173	1	8	42	960
173	1	9	49	1295
173	1	10	56	1755
173	1	11	63	2015
173	1	12	70	2270
173	1	13	77	2395
173	1	14	84	2625
173	1	15	90	2605
174	1	1	0	25
174	1	2	1	35
174	1	3	7	107
174	1	4	14	215
174	1	5	21	424
174	1	6	28	725
174	1	7	35	908
174	1	8	42	1330
174	1	9	49	1670
174	1	10	56	2154
174	1	11	63	2280
174	1	12	70	2430
174	1	13	77	2615
174	1	14	84	2730
174	1	15	90	2775
175	1	1	0	42
175	1	2	1	46
175	1	3	7	73
175	1	4	14	182
175	1	5	21	376
175	1	6	28	577
175	1	7	35	829
175	1	8	42	1059
175	1	9	49	1515
175	1	10	56	1877
175	1	11	63	2115
175	1	12	70	2465
175	1	13	77	2650
175	1	14	84	2840
175	1	15	90	2950
176	2	1	0	41
176	2	2	1	44
176	2	3	7	64
176	2	4	14	172
176	2	5	21	342
176	2	6	28	545
176	2	7	35	750
176	2	8	42	891
176	2	9	49	1125
176	2	10	56	1340
176	2	11	63	1475
176	2	12	70	1530
176	2	13	77	1545
176	2	14	84	1570
176	2	15	90	1590
177	2	1	0	45
177	2	2	1	48
177	2	3	7	71
177	2	4	14	177
177	2	5	21	340
177	2	6	28	540
177	2	7	35	783
177	2	8	42	941
177	2	9	49	1155
177	2	10	56	1447
177	2	11	63	1655
177	2	12	70	1685
177	2	13	77	1720
177	2	14	84	1760
177	2	15	90	1790
178	1	1	0	33
178	1	2	1	41
178	1	3	7	95
178	1	4	14	238
178	1	5	21	378
178	1	6	28	647
178	1	7	35	1025
178	1	8	42	1415
178	1	9	49	1730
178	1	10	56	2000
178	1	11	63	2270
178	1	12	70	1870
178	1	13	77	2520
178	1	14	84	2620
178	1	15	90	2720
179	2	1	0	27
179	2	2	1	37
179	2	3	7	104
179	2	4	14	199
179	2	5	21	383
179	2	6	28	518
179	2	7	35	706
179	2	8	42	925
179	2	9	49	1175
179	2	10	56	1373
179	2	11	63	1395
179	2	12	70	1440
179	2	13	77	1465
179	2	14	84	1500
179	2	15	90	1495
180	2	1	0	34
180	2	2	1	37
180	2	3	7	58
180	2	4	14	164
180	2	5	21	342
180	2	6	28	546
180	2	7	35	785
180	2	8	42	953
180	2	9	49	1135
180	2	10	56	1369
180	2	11	63	1445
180	2	12	70	1455
180	2	13	77	1470
180	2	14	84	1480
180	2	15	90	1495
181	2	1	0	41
181	2	2	1	46
181	2	3	7	80
181	2	4	14	188
181	2	5	21	360
181	2	6	28	549
181	2	7	35	736
181	2	8	42	880
181	2	9	49	1065
181	2	10	56	1238
181	2	11	63	1350
181	2	12	70	1390
181	2	13	77	1415
181	2	14	84	1450
181	2	15	90	1465
182	2	1	0	38
182	2	2	1	48
182	2	3	7	121
182	2	4	14	211
182	2	5	21	413
182	2	6	28	603
182	2	7	35	716
182	2	8	42	905
182	2	9	49	1180
182	2	10	56	1321
182	2	11	63	1355
182	2	12	70	1355
182	2	13	77	1420
182	2	14	84	1495
182	2	15	90	1520
183	1	1	0	37
183	1	2	1	44
183	1	3	7	96
183	1	4	14	176
183	1	5	21	317
183	1	6	28	590
183	1	7	35	702
183	1	8	42	905
183	1	9	49	1365
183	1	10	56	1842
183	1	11	63	2080
183	1	12	70	2275
183	1	13	77	2445
183	1	14	84	2740
183	1	15	90	2795
184	1	1	0	38
184	1	2	1	42
184	1	3	7	71
184	1	4	14	178
184	1	5	21	376
184	1	6	28	603
184	1	7	35	948
184	1	8	42	1137
184	1	9	49	1515
184	1	10	56	1243
184	1	11	63	2280
184	1	12	70	2520
184	1	13	77	2740
184	1	14	84	2970
184	1	15	90	3025
185	2	1	0	45
185	2	2	1	49
185	2	3	7	77
185	2	4	14	179
185	2	5	21	324
185	2	6	28	508
185	2	7	35	672
185	2	8	42	805
185	2	9	49	1005
185	2	10	56	1236
185	2	11	63	1360
185	2	12	70	1405
185	2	13	77	1435
185	2	14	84	1445
185	2	15	90	1490
186	1	1	0	30
186	1	2	1	39
186	1	3	7	103
186	1	4	14	226
186	1	5	21	494
186	1	6	28	691
186	1	7	35	944
186	1	8	42	1290
186	1	9	49	1710
186	1	10	56	2188
186	1	11	63	2330
186	1	12	70	2495
186	1	13	77	2510
186	1	14	84	2655
186	1	15	90	2695
187	2	1	0	42
187	2	2	1	50
187	2	3	7	106
187	2	4	14	239
187	2	5	21	360
187	2	6	28	561
187	2	7	35	825
187	2	8	42	1070
187	2	9	49	1230
187	2	10	56	1425
187	2	11	63	1510
187	2	12	70	1598
187	2	13	77	1635
187	2	14	84	1650
187	2	15	90	1725
188	1	1	0	52
188	1	2	1	61
188	1	3	7	127
188	1	4	14	252
188	1	5	21	347
188	1	6	28	567
188	1	7	35	820
188	1	8	42	1250
188	1	9	49	1640
188	1	10	56	2130
188	1	11	63	2390
188	1	12	70	2237
188	1	13	77	2860
188	1	14	84	3030
188	1	15	90	3105
189	1	1	0	50
189	1	2	1	58
189	1	3	7	114
189	1	4	14	264
189	1	5	21	378
189	1	6	28	648
189	1	7	35	918
189	1	8	42	1300
189	1	9	49	1665
189	1	10	56	1940
189	1	11	63	2200
189	1	12	70	2033
189	1	13	77	2540
189	1	14	84	2675
189	1	15	90	2790
190	2	1	0	44
190	2	2	1	51
190	2	3	7	101
190	2	4	14	240
190	2	5	21	379
190	2	6	28	594
190	2	7	35	878
190	2	8	42	1130
190	2	9	49	1320
190	2	10	56	1495
190	2	11	63	1605
190	2	12	70	1691
190	2	13	77	1715
190	2	14	84	1745
190	2	15	90	1840
191	2	1	0	34
191	2	2	1	42
191	2	3	7	100
191	2	4	14	240
191	2	5	21	347
191	2	6	28	582
191	2	7	35	614
191	2	8	42	1015
191	2	9	49	1210
191	2	10	56	1375
191	2	11	63	1430
191	2	12	70	1441
191	2	13	77	1540
191	2	14	84	1520
191	2	15	90	1565
192	1	1	0	51
192	1	2	1	60
192	1	3	7	126
192	1	4	14	298
192	1	5	21	389
192	1	6	28	645
192	1	7	35	846
192	1	8	42	1360
192	1	9	49	1625
192	1	10	56	1925
192	1	11	63	2070
192	1	12	70	2045
192	1	13	77	2420
192	1	14	84	2515
192	1	15	90	2645
193	1	1	0	42
193	1	2	1	50
193	1	3	7	105
193	1	4	14	211
193	1	5	21	369
193	1	6	28	619
193	1	7	35	918
193	1	8	42	1405
193	1	9	49	1700
193	1	10	56	2125
193	1	11	63	2295
193	1	12	70	1964
193	1	13	77	2720
193	1	14	84	2845
193	1	15	90	3050
194	1	1	0	43
194	1	2	1	59
194	1	4	14	278
194	1	5	21	515
194	1	6	28	793
194	1	7	35	1218
194	1	8	42	1390
194	1	9	49	1740
194	1	10	56	2020
194	1	11	63	2550
194	1	12	70	2480
194	1	13	77	2700
194	1	14	84	2920
196	1	1	0	42
196	1	2	1	50
196	1	3	7	108
196	1	4	14	246
196	1	5	21	370
196	1	6	28	643
196	1	7	35	1002
196	1	8	42	1340
196	1	9	49	1675
196	1	10	56	2000
196	1	11	63	2305
196	1	12	70	2289
196	1	13	77	2660
196	1	14	84	2705
196	1	15	90	2885
197	2	1	0	46
197	2	2	1	53
197	2	3	7	105
197	2	4	14	226
197	2	5	21	303
197	2	6	28	463
197	2	7	35	585
197	2	8	42	805
197	2	9	49	1015
197	2	10	56	1235
197	2	11	63	1325
197	2	12	70	1394
197	2	13	77	1385
197	2	14	84	1400
197	2	15	90	1505
198	1	1	0	43
198	1	2	1	50
198	1	3	7	96
198	1	4	14	234
198	1	5	21	416
198	1	6	28	674
198	1	7	35	931
198	1	8	42	1310
198	1	9	49	1645
198	1	10	56	2055
198	1	11	63	2115
198	1	12	70	1780
198	1	13	77	2360
198	1	14	84	2520
198	1	15	90	2630
201	2	1	0	51
201	2	2	1	54
201	2	3	7	75
201	2	5	21	257
201	2	6	28	380
201	2	7	35	615
201	2	8	42	770
201	2	9	49	1070
201	2	10	56	1150
201	2	11	63	1255
201	2	12	70	1325
201	2	13	77	1420
201	2	14	84	1445
201	2	15	90	1505
202	2	1	0	42
202	2	2	1	48
202	2	3	7	89
202	2	5	21	237
202	2	6	28	395
202	2	7	35	506
202	2	8	42	740
202	2	9	49	1080
202	2	10	56	1160
202	2	11	63	1325
202	2	12	70	1370
202	2	13	77	1455
202	2	14	84	1445
202	2	15	90	1490
203	1	1	0	39
203	1	2	1	41
203	1	3	7	53
203	1	5	21	146
203	1	6	28	330
203	1	7	35	634
203	1	8	42	895
203	1	9	49	1255
203	1	10	56	1430
203	1	11	63	1770
203	1	12	70	2025
203	1	13	77	2300
203	1	14	84	2430
203	1	15	90	2510
204	2	1	0	43
204	2	2	1	44
204	2	3	7	54
204	2	5	21	115
204	2	6	28	180
204	2	7	35	857
204	2	8	42	1115
204	2	9	49	800
204	2	10	56	890
204	2	11	63	1200
204	2	12	70	1570
204	2	13	77	1885
204	2	14	84	2070
204	2	15	90	2170
205	2	1	0	32
205	2	2	1	42
205	2	3	7	109
205	2	5	21	304
205	2	6	28	505
205	2	7	35	768
205	2	8	42	830
205	2	9	49	1115
205	2	10	56	1190
205	2	11	63	1340
205	2	12	70	1370
205	2	13	77	1455
205	2	14	84	1505
205	2	15	90	1500
206	1	1	0	44
206	1	2	1	52
206	1	3	7	109
206	1	5	21	363
206	1	6	28	680
206	1	7	35	832
206	1	8	42	1105
206	1	9	49	2210
206	1	10	56	1860
206	1	11	63	2215
206	1	12	70	2410
206	1	13	77	2750
206	1	14	84	2770
206	1	15	90	2975
207	1	1	0	44
207	1	2	1	47
207	1	3	7	68
207	1	5	21	254
207	1	6	28	450
207	1	7	35	530
207	1	8	42	835
207	1	9	49	1295
207	1	10	56	1440
207	1	11	63	1740
207	1	12	70	1910
207	1	13	77	2090
207	1	14	84	2170
207	1	15	90	2295
208	2	1	0	30
208	2	2	1	43
208	2	3	7	133
208	2	5	21	147
208	2	6	28	280
208	2	7	35	460
208	2	8	42	615
208	2	9	49	840
208	2	10	56	925
208	2	11	63	1125
208	2	12	70	1265
208	2	13	77	370
208	2	14	84	1410
208	2	15	90	1460
209	2	1	0	41
209	2	2	1	42
209	2	3	7	52
209	2	5	21	188
209	2	6	28	370
209	2	7	35	540
209	2	8	42	700
209	2	9	49	910
209	2	10	56	1080
209	2	11	63	1260
209	2	12	70	1290
209	2	13	77	1320
209	2	14	84	1330
209	2	15	90	1440
211	1	1	0	41
211	1	2	1	46
211	1	3	7	82
211	1	5	21	294
211	1	6	28	510
211	1	7	35	783
211	1	8	42	1025
211	1	9	49	1630
211	1	10	56	1710
211	1	11	63	1965
211	1	12	70	2160
211	1	13	77	2495
211	1	14	84	2585
211	1	15	90	2710
213	2	1	0	41
213	2	2	1	45
213	2	3	7	75
213	2	5	21	216
213	2	6	28	390
213	2	7	35	409
213	2	8	42	690
213	2	9	49	960
213	2	10	56	1015
213	2	11	63	1130
213	2	12	70	1240
213	2	13	77	1330
213	2	14	84	1380
213	2	15	90	1430
214	2	1	0	39
214	2	2	1	41
214	2	3	7	53
214	2	5	21	121
214	2	6	28	240
214	2	7	35	426
214	2	8	42	580
214	2	9	49	830
214	2	10	56	965
214	2	11	63	1185
214	2	12	70	1305
214	2	13	77	1410
214	2	14	84	1440
214	2	15	90	1410
215	2	1	0	43
215	2	2	1	47
215	2	3	7	73
215	2	5	21	268
215	2	6	28	445
215	2	7	35	567
215	2	8	42	755
215	2	9	49	1085
215	2	10	56	1155
215	2	11	63	1285
215	2	12	70	1310
215	2	13	77	1350
215	2	14	84	1390
215	2	15	90	1470
216	1	1	0	38
216	1	2	1	40
216	1	3	7	51
216	1	5	21	121
216	1	6	28	195
216	1	7	35	316
216	1	8	42	525
216	1	9	49	803
216	1	10	56	935
216	1	11	63	1220
216	1	12	70	1425
216	1	13	77	1775
216	1	14	84	2040
216	1	15	90	2160
217	1	1	0	42
217	1	2	1	45
217	1	3	7	66
217	1	5	21	189
217	1	6	28	350
217	1	7	35	638
217	1	8	42	970
217	1	9	49	1355
217	1	10	56	1535
217	1	11	63	1355
217	1	12	70	2275
217	1	13	77	2570
217	1	14	84	2755
217	1	15	90	2740
218	1	1	0	41
218	1	2	1	44
218	1	3	7	65
218	1	5	21	231
218	1	6	28	430
218	1	7	35	585
218	1	8	42	780
218	1	9	49	1270
218	1	10	56	1345
218	1	11	63	1585
218	1	12	70	1685
218	1	13	77	1965
218	1	14	84	1985
218	1	15	90	2115
219	1	1	0	45
219	1	2	1	46
219	1	3	7	55
219	1	5	21	128
219	1	6	28	275
219	1	7	35	580
219	1	8	42	905
219	1	9	49	1340
219	1	10	56	1500
219	1	11	63	1920
219	1	12	70	2185
219	1	13	77	2470
219	1	14	84	2550
219	1	15	90	2620
220	2	1	0	46
220	2	2	1	46
220	2	3	7	45
220	2	5	21	262
220	2	6	28	285
220	2	7	35	765
220	2	8	42	860
220	2	9	49	1140
220	2	10	56	1170
220	2	11	63	1510
220	2	12	70	1845
220	2	13	77	2135
220	2	14	84	2290
220	2	15	90	2280
