pecan	trat	rep	unE	ph	turb1	turb
1	1	1	111	4.55	0	1.0E-07
1	2	1	121	6.28	0.2	0.2
1	3	1	131	6.27	0.4	0.4
1	4	1	141	6.13	0.9	0.9
1	5	1	151	6.3	0	1.0E-07
1	1	1	111	4.82	0.4	0.4
1	2	1	121	6.09	0.4	0.4
1	3	1	131	6.35	0.3	0.3
1	4	1	141	6.25	1.1	1.1
1	5	1	151	5.65	0	1.0E-07
1	1	1	111	4.91	0.3	0.3
1	2	1	121	6.17	0.4	0.4
1	3	1	131	6.15	0.4	0.4
1	4	1	141	6.07	0.8	0.8
1	5	1	151	6.58	0	1.0E-07
1	1	1	111	4.78	0	1.0E-07
1	2	1	121	5.99	0.3	0.3
1	3	1	131	6.03	0.4	0.4
1	4	1	141	5.9	0.4	0.4
1	5	1	151	6.1	0	1.0E-07
1	1	1	111	4.77	0.1	0.1
1	2	1	121	5.9	0.4	0.4
1	3	1	131	5.63	0.4	0.4
1	4	1	141	6.31	0.6	0.6
1	5	1	151	5.53	0.1	0.1
1	1	1	111	4.8	0.2	0.2
1	2	1	121	5.77	1	1
1	3	1	131	5.73	0.5	0.5
1	4	1	141	6.09	0.6	0.6
1	1	1	111	4.76	0	1.0E-07
1	2	1	121	5.79	0.7	0.7
1	3	1	131	5.63	0.7	0.7
1	4	1	141	6	0.4	0.4
1	1	1	111	4.52	0.1	0.1
1	2	1	121	5.59	0.7	0.7
1	3	1	131	5.7	0.6	0.6
1	4	1	141	5.79	0.3	0.3
1	1	1	111	4.3	0.1	0.1
1	2	1	121	5.54	0.8	0.8
1	3	1	131	5.69	0.7	0.7
1	4	1	141	5.76	1.2	1.2
1	1	1	111	4.25	0.1	0.1
1	2	1	121	5.62	1.1	1.1
1	3	1	131	5.22	1.4	1.4
1	4	1	141	6.08	2.4	2.4
1	1	1	111	4.84	0.2	0.2
1	2	1	121	5.72	1	1
1	3	1	131	5.75	1.6	1.6
1	4	1	141	5.87	0.9	0.9
1	1	1	111	4.73	0.1	0.1
1	2	1	121	5.57	1.1	1.1
1	3	1	131	5.66	1.4	1.4
1	4	1	141	5.83	2.4	2.4
1	1	1	111	4.6	0.1	0.1
1	2	1	121	5.54	0.8	0.8
1	3	1	131	5.75	1	1
1	4	1	141	5.95	0.9	0.9
1	1	1	111	4.77	0.1	0.1
1	2	1	121	5.4	1.4	1.4
1	3	1	131	5.71	1	1
1	4	1	141	5.79	1.6	1.6
1	1	1	111	4.66	0.1	0.1
1	2	1	121	5.61	1.2	1.2
1	3	1	131	5.72	1	1
1	4	1	141	6.01	1.8	1.8
1	1	1	111	4.6	0.1	0.1
1	2	1	121	5.46	1	1
1	3	1	131	5.68	1.3	1.3
1	4	1	141	5.73	0.6	0.6
1	1	2	211	4.61	0	1.0E-07
1	2	2	221	6.27	0.3	0.3
1	3	2	231	6.33	0.3	0.3
1	4	2	241	6.39	0.8	0.8
1	5	2	251	6.43	0	1.0E-07
1	1	2	211	4.8	0.4	0.4
1	2	2	221	6.2	0.3	0.3
1	3	2	231	6.36	0.4	0.4
1	4	2	241	6.25	0.9	0.9
1	5	2	251	5.64	0	1.0E-07
1	1	2	211	4.81	0.4	0.4
1	2	2	221	6.31	0.3	0.3
1	3	2	231	6.32	0.3	0.3
1	4	2	241	0.07	0.5	0.5
1	5	2	251	6.28	0.2	0.2
1	1	2	211	4.89	0.1	0.1
1	2	2	221	6.03	0.3	0.3
1	3	2	231	0.01	0.6	0.6
1	4	2	241	5.89	0.9	0.9
1	5	2	251	5.95	0	1.0E-07
1	1	2	211	4.81	0.1	0.1
1	2	2	221	5.99	0.3	0.3
1	3	2	231	5.75	0.5	0.5
1	4	2	241	5.96	0.6	0.6
1	5	2	251	5.29	0.1	0.1
1	1	2	211	4.78	0.3	0.3
1	2	2	221	5.9	0.7	0.7
1	3	2	231	5.74	0.6	0.6
1	4	2	241	6.01	0.8	0.8
1	1	2	211	4.85	0.1	0.1
1	2	2	221	5.86	0.5	0.5
1	3	2	231	5.69	0.5	0.5
1	4	2	241	5.95	0.5	0.5
1	1	2	211	4.5	0	1.0E-07
1	2	2	221	5.68	0.6	0.6
1	3	2	231	5.74	0.5	0.5
1	4	2	241	5.82	0.4	0.4
1	1	2	211	4.57	0	1.0E-07
1	2	2	221	5.65	1.2	1.2
1	3	2	231	5.58	1	1
1	4	2	241	5.59	1.7	1.7
1	1	2	211	4.58	1.1	1.1
1	2	2	221	5.65	1.4	1.4
1	3	2	231	5.4	1.1	1.1
1	4	2	241	5.79	1.9	1.9
1	1	2	211	4.9	0.1	0.1
1	2	2	221	5.69	2	2
1	3	2	231	5.8	1.6	1.6
1	4	2	241	5.9	0.9	0.9
1	1	2	211	4.92	0.1	0.1
1	2	2	221	5.69	2.9	2.9
1	3	2	231	5.68	1.3	1.3
1	4	2	241	5.78	1.7	1.7
1	1	2	211	4.72	0.6	0.6
1	2	2	221	5.69	1	1
1	3	2	231	5.73	1.1	1.1
1	4	2	241	5.89	1	1
1	1	2	211	4.92	0.1	0.1
1	2	2	221	5.61	1.6	1.6
1	3	2	231	5.7	1.4	1.4
1	4	2	241	5.68	1.2	1.2
1	1	2	211	4.47	0.1	0.1
1	2	2	221	5.69	1.5	1.5
1	3	2	231	5.68	1.6	1.6
1	4	2	241	5.72	1.8	1.8
1	1	2	211	4.47	0.1	0.1
1	2	2	221	5.65	1.2	1.2
1	3	2	231	5.55	1.5	1.5
1	4	2	241	5.75	1	1
1	1	3	311	4.77	0.3	0.3
1	2	3	321	5.31	0.6	0.6
1	3	3	331	6.37	0.3	0.3
1	4	3	341	6.27	0.8	0.8
1	5	3	351	6.73	0	1.0E-07
1	1	3	311	4.76	0.1	0.1
1	2	3	321	5.55	0.5	0.5
1	3	3	331	6.29	0.3	0.3
1	4	3	341	6.23	0.6	0.6
1	5	3	351	5.57	0	1.0E-07
1	1	3	311	4.75	0.6	0.6
1	2	3	321	5.42	0.9	0.9
1	3	3	331	6.27	0.3	0.3
1	4	3	341	6.02	0.9	0.9
1	5	3	351	6.03	0.1	0.1
1	1	3	311	4.63	0.2	0.2
1	2	3	321	5.14	1.5	1.5
1	3	3	331	6.08	0.4	0.4
1	4	3	341	5.86	0.5	0.5
1	5	3	351	5.58	0.1	0.1
1	1	3	311	4.69	0.3	0.3
1	2	3	321	5.46	0.7	0.7
1	3	3	331	5.75	0.6	0.6
1	4	3	341	5.87	0.7	0.7
1	5	3	351	5.06	0.1	0.1
1	1	3	311	4.67	0.2	0.2
1	2	3	321	5.26	1.2	1.2
1	3	3	331	5.7	0.6	0.6
1	4	3	341	5.9	0.6	0.6
1	1	3	311	4.71	0	1.0E-07
1	2	3	321	5.64	1.3	1.3
1	3	3	331	5.62	0.8	0.8
1	4	3	341	5.77	0.7	0.7
1	1	3	311	4.55	0	1.0E-07
1	2	3	321	4.95	1.4	1.4
1	3	3	331	5.63	0.6	0.6
1	4	3	341	5.73	0.6	0.6
1	1	3	311	4.42	0.1	0.1
1	2	3	321	4.37	1.7	1.7
1	3	3	331	5.72	1	1
1	4	3	341	5.57	2.4	2.4
1	1	3	311	4.44	0.2	0.2
1	2	3	321	5.24	1.9	1.9
1	3	3	331	5.41	1.1	1.1
1	4	3	341	5.75	3.4	3.4
1	1	3	311	4.76	0.1	0.1
1	2	3	321	5.7	3.4	3.4
1	3	3	331	5.93	1.1	1.1
1	4	3	341	5.92	1.1	1.1
1	1	3	311	4.78	0.2	0.2
1	2	3	321	5.78	2.6	2.6
1	3	3	331	5.63	1	1
1	4	3	341	5.76	2	2
1	1	3	311	4.6	0.2	0.2
1	2	3	321	5.56	2.2	2.2
1	3	3	331	5.63	1.3	1.3
1	4	3	341	5.93	1.3	1.3
1	1	3	311	4.78	0.1	0.1
1	2	3	321	5.35	2.1	2.1
1	3	3	331	5.89	1.3	1.3
1	4	3	341	5.69	1.8	1.8
1	1	3	311	4.63	0.1	0.1
1	2	3	321	5.36	1.8	1.8
1	3	3	331	5.59	1.2	1.2
1	4	3	341	5.81	1.5	1.5
1	1	3	311	4.65	0.1	0.1
1	2	3	321	5.3	1.6	1.6
1	3	3	331	5.41	1.3	1.3
1	4	3	341	5.78	1.2	1.2
2	1	1	112	4.9	0.1	0.1
2	2	1	122	6.29	0.2	0.2
2	3	1	132	6.33	0.3	0.3
2	4	1	142	6.35	0.4	0.4
2	5	1	152	7.53	0	1.0E-07
2	1	1	112	5.2	0.3	0.3
2	2	1	122	6.32	0.2	0.2
2	3	1	132	6.63	0.3	0.3
2	4	1	142	6.17	1	1
2	5	1	152	6.19	0	1.0E-07
2	1	1	112	4.88	0.4	0.4
2	2	1	122	6.29	0.3	0.3
2	3	1	132	6.4	0.9	0.9
2	4	1	142	6.12	0.6	0.6
2	5	1	152	6.54	0.1	0.1
2	1	1	112	4.85	0	1.0E-07
2	2	1	122	6.68	0.2	0.2
2	3	1	132	6.46	0.3	0.3
2	4	1	142	5.92	1.4	1.4
2	5	1	152	4.97	0	1.0E-07
2	1	1	112	5.07	0	1.0E-07
2	2	1	122	6.06	0.4	0.4
2	3	1	132	6.13	0.4	0.4
2	4	1	142	6.01	1.2	1.2
2	5	1	152	4.85	0.1	0.1
2	1	1	112	5.03	0.1	0.1
2	2	1	122	6.09	0.4	0.4
2	3	1	132	6.07	0.7	0.7
2	4	1	142	5.83	1	1
2	1	1	112	4.88	0.1	0.1
2	2	1	122	5.93	0.3	0.3
2	3	1	132	5.98	0.5	0.5
2	4	1	142	5.91	0.4	0.4
2	1	1	112	5.24	0.1	0.1
2	2	1	122	5.95	0.4	0.4
2	3	1	132	6.09	0.4	0.4
2	4	1	142	6.73	0.7	0.7
2	1	1	112	4.51	0.1	0.1
2	2	1	122	5.93	0.4	0.4
2	3	1	132	6.01	0.4	0.4
2	4	1	142	6.3	0.7	0.7
2	1	1	112	4.32	0.1	0.1
2	2	1	122	5.91	0.4	0.4
2	3	1	132	5.98	0.4	0.4
2	4	1	142	6.01	1.2	1.2
2	1	1	112	4.97	0.2	0.2
2	2	1	122	5.94	0.4	0.4
2	3	1	132	6.11	0.6	0.6
2	4	1	142	6.61	1	1
2	1	1	112	4.92	0.1	0.1
2	2	1	122	5.92	0.3	0.3
2	3	1	132	6.05	0.8	0.8
2	4	1	142	5.88	1.4	1.4
2	1	1	112	4.72	0.2	0.2
2	2	1	122	5.97	0.5	0.5
2	3	1	132	6.04	0.9	0.9
2	4	1	142	6.49	1.5	1.5
2	1	1	112	4.91	0.1	0.1
2	2	1	122	5.85	0.3	0.3
2	3	1	132	6.02	1.1	1.1
2	4	1	142	6.42	0.9	0.9
2	1	1	112	4.72	0.1	0.1
2	2	1	122	4.97	0.5	0.5
2	3	1	132	6.02	1.6	1.6
2	4	1	142	6.46	1	1
2	1	1	112	4.69	0.1	0.1
2	2	1	122	5.81	0.5	0.5
2	3	1	132	5.89	0.3	0.3
2	4	1	142	6.43	1	1
2	1	2	212	4.68	0	1.0E-07
2	2	2	222	5.94	0.4	0.4
2	3	2	232	6.28	0.3	0.3
2	4	2	242	6.23	0.9	0.9
2	5	2	252	6.62	0	1.0E-07
2	1	2	212	4.83	0.4	0.4
2	2	2	222	6.14	0.4	0.4
2	3	2	232	6.52	0.3	0.3
2	4	2	242	6.25	0.8	0.8
2	5	2	252	6.06	0	1.0E-07
2	1	2	212	4.7	0.1	0.1
2	2	2	222	6.1	0.4	0.4
2	3	2	232	6.43	0.4	0.4
2	4	2	242	6.14	0.8	0.8
2	5	2	252	6.32	0.1	0.1
2	1	2	212	4.91	0	1.0E-07
2	2	2	222	5.65	0.6	0.6
2	3	2	232	6.35	0.3	0.3
2	4	2	242	6.01	0.9	0.9
2	5	2	252	4.87	0	1.0E-07
2	1	2	212	4.98	0.1	0.1
2	2	2	222	5.98	0.4	0.4
2	3	2	232	6.19	0.3	0.3
2	4	2	242	6.1	1.1	1.1
2	5	2	252	4.49	0.1	0.1
2	1	2	212	5	0.1	0.1
2	2	2	222	5.77	0.4	0.4
2	3	2	232	6.12	0.5	0.5
2	4	2	242	5.79	1.1	1.1
2	1	2	212	4.85	0	1.0E-07
2	2	2	222	5.74	0.4	0.4
2	3	2	232	5.99	0.4	0.4
2	4	2	242	5.97	0.5	0.5
2	1	2	212	4.64	0.1	0.1
2	2	2	222	5.27	0.5	0.5
2	3	2	232	6.08	0.4	0.4
2	4	2	242	5.85	0.8	0.8
2	1	2	212	3.7	0	1.0E-07
2	2	2	222	5.45	0.8	0.8
2	3	2	232	5.92	0.6	0.6
2	4	2	242	5.93	0.9	0.9
2	1	2	212	4.09	0	1.0E-07
2	2	2	222	5.61	0.6	0.6
2	3	2	232	6.02	0.8	0.8
2	4	2	242	5.84	1.6	1.6
2	1	2	212	4.8	0.1	0.1
2	2	2	222	5.96	0.7	0.7
2	3	2	232	6.02	0.7	0.7
2	4	2	242	6.14	1.8	1.8
2	1	2	212	4.89	0.1	0.1
2	2	2	222	6.03	0.5	0.5
2	3	2	232	6.05	0.9	0.9
2	4	2	242	5.94	1.3	1.3
2	1	2	212	4.65	0.1	0.1
2	2	2	222	5.84	0.8	0.8
2	3	2	232	6.07	0.5	0.5
2	4	2	242	6.02	1.2	1.2
2	1	2	212	4.79	0.2	0.2
2	2	2	222	5.69	0.7	0.7
2	3	2	232	5.99	0.6	0.6
2	4	2	242	6.39	0.8	0.8
2	1	2	212	4.7	0.1	0.1
2	2	2	222	5.64	0.6	0.6
2	3	2	232	5.89	0.7	0.7
2	4	2	242	6.16	1.2	1.2
2	1	2	212	4.75	0.1	0.1
2	2	2	222	5.6	0.6	0.6
2	3	2	232	5.89	0.5	0.5
2	4	2	242	6.14	1	1
2	1	3	312	4.64	0	1.0E-07
2	2	3	322	6.12	0.3	0.3
2	3	3	332	6.3	0.3	0.3
2	4	3	342	6.23	0.9	0.9
2	5	3	352	6.4	0	1.0E-07
2	1	3	312	4.65	0.5	0.5
2	2	3	322	6.23	0.4	0.4
2	3	3	332	6.36	0.4	0.4
2	4	3	342	7.01	0.9	0.9
2	5	3	352	5.97	0	1.0E-07
2	1	3	312	4.64	0.2	0.2
2	2	3	322	6.28	0.2	0.2
2	3	3	332	6.45	0.4	0.4
2	4	3	342	7.02	0.8	0.8
2	5	3	352	6.23	0.1	0.1
2	1	3	312	4.89	0.1	0.1
2	2	3	322	5.78	0.3	0.3
2	3	3	332	6.36	0.3	0.3
2	4	3	342	6.18	1.5	1.5
2	5	3	352	4.98	0	1.0E-07
2	1	3	312	4.99	0.1	0.1
2	2	3	322	6.05	0.5	0.5
2	3	3	332	6.14	0.6	0.6
2	4	3	342	6.98	0.5	0.5
2	5	3	352	4.26	0.1	0.1
2	1	3	312	4.93	0	1.0E-07
2	2	3	322	5.67	0.8	0.8
2	3	3	332	6.13	0.6	0.6
2	4	3	342	6.51	0.9	0.9
2	1	3	312	5.35	0	1.0E-07
2	2	3	322	5.96	0.3	0.3
2	3	3	332	5.99	0.5	0.5
2	4	3	342	6.45	0.5	0.5
2	1	3	312	4.42	0.1	0.1
2	2	3	322	5.39	0.4	0.4
2	3	3	332	6.01	0.5	0.5
2	4	3	342	6.25	0.6	0.6
2	1	3	312	3.84	0.1	0.1
2	2	3	322	5.65	0.7	0.7
2	3	3	332	6.04	0.6	0.6
2	4	3	342	6.72	0.7	0.7
2	1	3	312	4.31	0.2	0.2
2	2	3	322	5.72	0.7	0.7
2	3	3	332	5.97	0.6	0.6
2	4	3	342	6.45	1.4	1.4
2	1	3	312	4.74	0.2	0.2
2	2	3	322	6	0.7	0.7
2	3	3	332	6.01	0.8	0.8
2	4	3	342	6.71	1.5	1.5
2	1	3	312	4.82	0.1	0.1
2	2	3	322	5.97	0.8	0.8
2	3	3	332	5.99	0.7	0.7
2	4	3	342	6.41	1.8	1.8
2	1	3	312	4.58	0.1	0.1
2	2	3	322	5.86	1.1	1.1
2	3	3	332	6.01	1	1
2	4	3	342	6.33	0.7	0.7
2	1	3	312	4.67	0.1	0.1
2	2	3	322	5.96	0.5	0.5
2	3	3	332	6.04	0.4	0.4
2	4	3	342	6.5	1.1	1.1
2	1	3	312	4.62	0.1	0.1
2	2	3	322	5.65	0.5	0.5
2	3	3	332	6.08	1	1
2	4	3	342	6.35	1	1
2	1	3	312	4.59	0.2	0.2
2	2	3	322	5.7	0.6	0.6
2	3	3	332	5.88	0.5	0.5
2	4	3	342	6.3	1	1
3	1	1	113	5.34	0.1	0.1
3	2	1	123	6	0.3	0.3
3	3	1	133	6.26	0.3	0.3
3	4	1	143	6.8	0.5	0.5
3	5	1	153	5.61	0	1.0E-07
3	1	1	113	4.95	0.2	0.2
3	2	1	123	6	0.4	0.4
3	3	1	133	6.28	0.3	0.3
3	4	1	143	6.1	1.1	1.1
3	5	1	153	5.6	0.1	0.1
3	1	1	113	5.43	0.1	0.1
3	2	1	123	6.07	0.3	0.3
3	3	1	133	6.26	0.3	0.3
3	4	1	143	5.98	1	1
3	5	1	153	6	0.2	0.2
3	1	1	113	487	0.1	0.1
3	2	1	123	6.08	0.5	0.5
3	3	1	133	5.99	0.3	0.3
3	4	1	143	5.79	0.7	0.7
3	5	1	153	5.27	0	1.0E-07
3	1	1	113	4.89	0.3	0.3
3	2	1	123	5.71	0.4	0.4
3	3	1	133	5.79	0.4	0.4
3	4	1	143	5.67	0.7	0.7
3	5	1	153	4.98	0.1	0.1
3	1	1	113	4.9	0.8	0.8
3	2	1	123	5.7	0.5	0.5
3	3	1	133	5.72	0.7	0.7
3	4	1	143	5.75	1	1
3	1	1	113	4.95	0.4	0.4
3	2	1	123	5.55	0.5	0.5
3	3	1	133	5.71	0.6	0.6
3	4	1	143	5.72	1	1
3	1	1	113	4.75	0.3	0.3
3	2	1	123	5.5	0.4	0.4
3	3	1	133	5.64	0.5	0.5
3	4	1	143	5.68	0.9	0.9
3	1	1	113	4.71	0.6	0.6
3	2	1	123	5.49	0.6	0.6
3	3	1	133	5.62	0.6	0.6
3	4	1	143	5.64	1.9	1.9
3	1	1	113	4.7	0.4	0.4
3	2	1	123	5.46	0.6	0.6
3	3	1	133	5.53	0.5	0.5
3	4	1	143	5.54	2.6	2.6
3	1	1	113	4.79	0.2	0.2
3	2	1	123	5.56	0.6	0.6
3	3	1	133	5.68	0.7	0.7
3	4	1	143	5.84	1.5	1.5
3	1	1	113	4.88	0.3	0.3
3	2	1	123	5.51	0.7	0.7
3	3	1	133	5.62	0.6	0.6
3	4	1	143	5.82	0.7	0.7
3	1	1	113	4.79	0.2	0.2
3	2	1	123	5.75	0.9	0.9
3	3	1	133	5.8	0.6	0.6
3	4	1	143	5.95	0.7	0.7
3	1	1	113	4.81	0.1	0.1
3	2	1	123	5.68	0.6	0.6
3	3	1	133	5.62	0.5	0.5
3	4	1	143	5.59	1.1	1.1
3	1	1	113	4.72	0.2	0.2
3	2	1	123	5.52	0.6	0.6
3	3	1	133	5.79	0.5	0.5
3	4	1	143	5.62	1.5	1.5
3	1	1	113	4.9	0.2	0.2
3	2	1	123	5.58	0.5	0.5
3	3	1	133	5.62	0.4	0.4
3	4	1	143	5.55	0.9	0.9
3	1	2	213	5.21	0.2	0.2
3	2	2	223	6.11	0.3	0.3
3	3	2	233	6.32	0.3	0.3
3	4	2	243	6.22	0.5	0.5
3	5	2	253	5.59	0	1.0E-07
3	1	2	213	4.94	0	1.0E-07
3	2	2	223	6.01	0.4	0.4
3	3	2	233	6	0.5	0.5
3	4	2	243	6.1	0.8	0.8
3	5	2	253	5.68	0.1	0.1
3	1	2	213	5.24	0.1	0.1
3	2	2	223	6	0.4	0.4
3	3	2	233	6.02	0.5	0.5
3	4	2	243	5.96	0.5	0.5
3	5	2	253	5.98	0.2	0.2
3	1	2	213	4.88	0	1.0E-07
3	2	2	223	5.96	0.6	0.6
3	3	2	233	5.69	0.6	0.6
3	4	2	243	5.71	0.8	0.8
3	5	2	253	5.24	0	1.0E-07
3	1	2	213	4.82	0.5	0.5
3	2	2	223	5.65	0.4	0.4
3	3	2	233	5.59	0.5	0.5
3	4	2	243	5.58	1	1
3	5	2	253	5.02	0	1.0E-07
3	1	2	213	4.81	0.8	0.8
3	2	2	223	5.63	0.5	0.5
3	3	2	233	5.52	0.6	0.6
3	4	2	243	5.72	0.8	0.8
3	1	2	213	4.7	0.3	0.3
3	2	2	223	5.52	0.5	0.5
3	3	2	233	5.45	0.8	0.8
3	4	2	243	5.73	0.7	0.7
3	1	2	213	4.63	0.4	0.4
3	2	2	223	5.46	0.5	0.5
3	3	2	233	5.43	0.7	0.7
3	4	2	243	5.72	0.6	0.6
3	1	2	213	4.65	0.4	0.4
3	2	2	223	5.43	0.5	0.5
3	3	2	233	5.79	0.7	0.7
3	4	2	243	5.5	2.2	2.2
3	1	2	213	4.63	0.3	0.3
3	2	2	223	5.4	0.6	0.6
3	3	2	233	5.32	0.7	0.7
3	4	2	243	5.56	1.4	1.4
3	1	2	213	4.85	0.3	0.3
3	2	2	223	5.52	0.6	0.6
3	3	2	233	5.47	0.7	0.7
3	4	2	243	5.9	1.7	1.7
3	1	2	213	4.83	0.2	0.2
3	2	2	223	5.47	0.5	0.5
3	3	2	233	5.43	0.7	0.7
3	4	2	243	5.85	0.5	0.5
3	1	2	213	4.75	0.1	0.1
3	2	2	223	5.71	0.7	0.7
3	3	2	233	5.71	0.7	0.7
3	4	2	243	5.81	1	1
3	1	2	213	4.79	0.2	0.2
3	2	2	223	5.91	0.6	0.6
3	3	2	233	5.59	0.7	0.7
3	4	2	243	5.62	1.5	1.5
3	1	2	213	4.83	0.4	0.4
3	2	2	223	5.48	0.5	0.5
3	3	2	233	5.72	0.7	0.7
3	4	2	243	5.55	0.9	0.9
3	1	2	213	4.93	0.3	0.3
3	2	2	223	5.55	0.5	0.5
3	3	2	233	5.45	0.5	0.5
3	4	2	243	5.72	1	1
3	1	3	313	4.9	0.2	0.2
3	2	3	323	5.97	0.3	0.3
3	3	3	333	6.29	0.5	0.5
3	4	3	343	6.19	0.4	0.4
3	5	3	353	5.54	0	1.0E-07
3	1	3	313	4.83	0.4	0.4
3	2	3	323	6.22	0.3	0.3
3	3	3	333	6.26	0.3	0.3
3	4	3	343	6.1	1.3	1.3
3	5	3	353	5.56	0.1	0.1
3	1	3	313	4.87	0.6	0.6
3	2	3	323	6.06	0.4	0.4
3	3	3	333	6.09	0.7	0.7
3	4	3	343	5.88	0.8	0.8
3	5	3	353	5.93	0.2	0.2
3	1	3	313	4.78	0.2	0.2
3	2	3	323	5.9	0.5	0.5
3	3	3	333	5.85	0.5	0.5
3	4	3	343	5.69	0.8	0.8
3	5	3	353	5.06	0.1	0.1
3	1	3	313	4.94	0.1	0.1
3	2	3	323	5.65	0.4	0.4
3	3	3	333	5.67	0.5	0.5
3	4	3	343	5.94	0.9	0.9
3	5	3	353	5.02	0.1	0.1
3	1	3	313	4.9	0	1.0E-07
3	2	3	323	5.65	0.5	0.5
3	3	3	333	5.58	0.6	0.6
3	4	3	343	5.62	1	1
3	1	3	313	4.89	0.1	0.1
3	2	3	323	5.5	0.7	0.7
3	3	3	333	5.54	0.5	0.5
3	4	3	343	5.43	0.7	0.7
3	1	3	313	4.24	0.2	0.2
3	2	3	323	5.47	0.6	0.6
3	3	3	333	5.51	0.5	0.5
3	4	3	343	5.66	0.7	0.7
3	1	3	313	4.71	0.4	0.4
3	2	3	323	5.46	0.5	0.5
3	3	3	333	5.77	0.6	0.6
3	4	3	343	5.49	1.4	1.4
3	1	3	313	4.61	0.3	0.3
3	2	3	323	5.43	0.5	0.5
3	3	3	333	5.41	0.7	0.7
3	4	3	343	5.41	3.9	3.9
3	1	3	313	4.93	0.2	0.2
3	2	3	323	5.49	0.6	0.6
3	3	3	333	5.71	0.7	0.7
3	4	3	343	5.83	1.9	1.9
3	1	3	313	5	0.3	0.3
3	2	3	323	5.48	0.6	0.6
3	3	3	333	5.48	0.6	0.6
3	4	3	343	5.86	0.7	0.7
3	1	3	313	4.93	0.2	0.2
3	2	3	323	5.7	0.7	0.7
3	3	3	333	5.68	0.7	0.7
3	4	3	343	5.83	0.5	0.5
3	1	3	313	4.93	0.4	0.4
3	2	3	323	5.75	0.5	0.5
3	3	3	333	5.5	0.6	0.6
3	4	3	343	5.66	1.1	1.1
3	1	3	313	4.83	0.2	0.2
3	2	3	323	5.43	0.5	0.5
3	3	3	333	5.69	0.5	0.5
3	4	3	343	5.48	1.1	1.1
3	1	3	313	4.83	0.2	0.2
3	2	3	323	5.55	0.5	0.5
3	3	3	333	5.47	0.6	0.6
3	4	3	343	5.64	1.1	1.1

